gnss_tightly_coupled/example/dataset/codg3370.21i
     1.0            IONOSPHERE MAPS     GNSS                IONEX VERSION / TYPE
ADDNEQ2 V5.3        AIUB                07-DEC-21 20:51     PGM / RUN BY / DATE 
CODE'S GLOBAL IONOSPHERE MAPS FOR DAY 337, 2021             COMMENT             
Global ionosphere maps (GIM) are generated on a daily basis DESCRIPTION         
at CODE using data from about 300 GNSS sites of the IGS and DESCRIPTION         
other institutions. The vertical total electron content     DESCRIPTION         
(VTEC) is modeled in a solar-geomagnetic reference frame    DESCRIPTION         
using a spherical harmonics expansion up to degree and      DESCRIPTION         
order 15. Piece-wise linear functions are used for          DESCRIPTION         
representation in the time domain. The time spacing of      DESCRIPTION         
their vertices is 1 hour, conforming with the epochs of the DESCRIPTION         
VTEC maps.                                                  DESCRIPTION         
To convert line-of-sight TEC into vertical TEC, a modified  DESCRIPTION         
single-layer model mapping function approximating the JPL   DESCRIPTION         
extended slab model mapping function is adopted. The        DESCRIPTION         
mapping function is evaluated at geodetic satellite         DESCRIPTION         
elevation angles. For the computation of the ionospheric    DESCRIPTION         
pierce points, a spherical layer with a radius of 6821 km   DESCRIPTION         
is assumed, implying geocentric, not geodetic IONEX         DESCRIPTION         
latitudes.                                                  DESCRIPTION         
Instrumental biases with respect to each involved GNSS code DESCRIPTION         
observable are estimated as constant values for each        DESCRIPTION         
day. They are modeled with one set of bias parameters for   DESCRIPTION         
each satellite and each station in case of GPS and for each DESCRIPTION         
satellite-station link in case of GLONASS. The code bias    DESCRIPTION         
datum is defined by zero-mean conditions imposed on the     DESCRIPTION         
satellite bias estimates. In this file, just GPS C1W-C2W    DESCRIPTION         
satellite and station bias values are included. The         DESCRIPTION         
complete set of GNSS code bias results is provided in an    DESCRIPTION         
additional Bias-SINEX file as pseudo-absolute values        DESCRIPTION         
specific to each observable.                                DESCRIPTION         
Note: These GIM results correspond to the results for the   DESCRIPTION         
middle day of a 3-day combination analysis solving for 73   DESCRIPTION         
times 256, or 18688 VTEC parameters and 3 daily sets of     DESCRIPTION         
GNSS code bias parameters.                                  DESCRIPTION         
Contact address: code(at)aiub.unibe.ch                      DESCRIPTION         
Data archive:    ftp.aiub.unibe.ch/CODE/                    DESCRIPTION         
                 www.aiub.unibe.ch/download/CODE/           DESCRIPTION         
  2021    12     3     0     0     0                        EPOCH OF FIRST MAP  
  2021    12     4     0     0     0                        EPOCH OF LAST MAP   
  3600                                                      INTERVAL            
[...]
cas1 ccj2 cedu chpg chpi chti chur ckis coco cord cpvg cro1 COMMENT             
daej darw dav1 dgar dhlg drao dubo ebre faa1 fair flin flrs COMMENT             
frdn ftna func ganp glps glsv gode godz gol2 gold gope gras COMMENT             
graz guat guug harb hers hert hlfx hnlc hnpt hofn holb hyde COMMENT             
ieng iisc invk iqal irkj isba jog2 joz2 joze kerg kir0 kiru COMMENT             
kit3 kokb kokv koug kour krgg lama laut lhaz lmmf lpal lpgs COMMENT             
m0se mac1 madr mal2 mana mas1 mat1 mate maui maw1 mcil mcm4 COMMENT             
mdo1 mdvj medi mets mgue mizu mkea mobj mobs monp morp mqzg COMMENT             
mro1 mtka nano nico nist nklg nlib nnor not1 nrc1 ntus nya1 COMMENT             
nyal ohi2 ohi3 onsa ous2 pado park pdel penc pert pie1 pimo COMMENT             
pohn pol2 pots pove prds ptag ptbb ptvl qaq1 quin ramo reun COMMENT             
reyk rgdg rio2 riop salu samo sant savo sch2 scor scrz sctb COMMENT             
scub seyg sfer smst sofi spt0 ssia sthl stjo stk2 suth sutm COMMENT             
suwn sydn syog tabl tabv tash thtg thti thu2 tid1 tidb tixg COMMENT             
tlse tong tow2 tro1 tsea tskb tuva twtf uclu ufpr ulab unb3 COMMENT             
unbn unsa urum usn7 usud vaco vald vill voim wab1 wab2 wark COMMENT             
wes2 wgtn whit will wind wsrt wtza wtzl wtzr wtzs wtzz wuhn COMMENT             
xmis yakt yar2 yar3 yarr yell ykro yssk zamb zeck zim2 zim3 COMMENT             
zimm                                                        COMMENT             
                                                            END OF HEADER       
[from data line 1716]
     5                                                      START OF TEC MAP    
  2021    12     3     4     0     0                        EPOCH OF CURRENT MAP
    87.5-180.0 180.0   5.0 450.0                            LAT/LON1/LON2/DLON/H
   20   21   21   22   23   23   24   25   25   26   27   28   28   29   30   30
   31   31   32   32   33   33   33   34   34   34   34   34   34   34   34   34
   34   34   34   34   33   33   33   32   32   31   31   30   29   29   28   27
   27   26   25   24   24   23   22   21   21   20   20   19   19   19   18   18
   18   18   18   18   18   19   19   20   20
    85.0-180.0 180.0   5.0 450.0                            LAT/LON1/LON2/DLON/H
   11   12   13   15   16   17   19   20   22   23   24   26   27   28   29   30
   30   31   32   32   32   33   33   33   34   34   34   34   34   35   35   35
   35   35   35   35   34   34   34   33   33   32   31   30   29   28   26   25
   24   22   21   19   18   17   15   14   13   12   11   10    9    8    8    8
    7    7    7    8    8    8    9   10   11
    82.5-180.0 180.0   5.0 450.0                            LAT/LON1/LON2/DLON/H
    4    5    7    8   10   12   14   16   17   19   21   22   24   25   26   26
   27   28   28   28   28   28   28   28   28   28   29   29   29   29   30   30
   31   31   31   32   32   32   31   31   31   30   29   28   27   25   24   22
   20   18   17   15   13   12   10    8    7    6    5    3    2    2    1    0
    0    0    0    0    0    1    2    2    4
    80.0-180.0 180.0   5.0 450.0                            LAT/LON1/LON2/DLON/H
    0    1    3    4    6    8   10   12   14   15   17   18   19   20   21   22
   22   22   22   21   21   21   20   20   20   20   20   20   21   21   22   23
   24   25   25   26   27   27   27   27   27   26   25   24   23   21   20   18
   17   15   14   12   11    9    8    7    6    5    4    3    2    1    1    0
    0    0    0    0    0    0    0    0    0
    77.5-180.0 180.0   5.0 450.0                            LAT/LON1/LON2/DLON/H
    2    2    3    4    5    6    8    9   11   12   13   14   15   16   16   16
   16   16   15   15   14   13   13   12   12   12   12   12   13   14   15   16
   17   18   19   20   21   21   22   22   21   21   20   19   18   17   16   15
   14   13   12   11   11   10   10   10   10    9    9    9    9    8    8    7
    6    5    4    4    3    2    2    2    2
    75.0-180.0 180.0   5.0 450.0                            LAT/LON1/LON2/DLON/H
    8    7    6    6    6    7    8    8    9   10   11   11   11   12   11   11
   11   11   10    9    9    8    8    7    7    7    7    7    8    9   10   12
   13   14   15   15   16   16   16   16   16   15   15   14   14   13   13   12
   12   12   12   13   14   14   16   17   18   19   20   21   21   21   21   20
   19   18   17   15   13   12   10    9    8
    72.5-180.0 180.0   5.0 450.0                            LAT/LON1/LON2/DLON/H
   16   14   12   10    9    9    9    9    9    9    9    9    9    8    8    8
    8    8    8    7    7    7    7    6    6    6    7    7    8    9   10   11
   12   12   13   13   12   12   12   11   11   10   10    9    9    9    9   10
   11   12   14   16   18   21   24   26   29   32   34   36   37   38   38   37
   36   34   32   29   26   24   21   18   16
    70.0-180.0 180.0   5.0 450.0                            LAT/LON1/LON2/DLON/H
   23   20   17   14   12   11   10    9    9    8    8    8    7    7    6    6
    7    7    8    8    9    9    9   10   10   10   10   11   12   12   13   13
   13   13   12   12   10    9    8    7    6    6    5    5    5    6    7    9
   11   14   17   21   24   28   32   36   40   44   48   50   52   53   54   53
   51   49   46   43   39   35   31   27   23
    67.5-180.0 180.0   5.0 450.0                            LAT/LON1/LON2/DLON/H
   29   24   20   16   14   12   10   10    9    9    8    7    7    6    6    7
    7    9   10   12   13   14   14   15   15   16   16   16   17   17   18   17
   17   15   13   11    9    8    6    5    4    3    3    3    3    4    6    9
   12   16   21   26   30   35   40   45   50   55   59   62   64   66   66   65
   63   60   57   53   48   44   39   34   29
    65.0-180.0 180.0   5.0 450.0                            LAT/LON1/LON2/DLON/H
   31   26   20   16   13   11   10    9    9    9    9    8    7    7    7    8
    9   11   13   15   17   18   19   20   20   20   21   21   22   22   22   21
   19   17   14   12    9    6    5    3    2    2    2    2    2    4    7   10
   15   20   25   31   36   42   47   52   57   62   66   69   72   73   73   72
   69   66   63   59   54   49   43   37   31
    62.5-180.0 180.0   5.0 450.0                            LAT/LON1/LON2/DLON/H
   33   26   20   15   11    9    8    9    9   10    9    9    8    8    8    9
   11   13   16   18   19   20   21   21   22   22   22   23   23   24   23   22
   20   17   14   11    8    6    4    3    3    3    3    3    4    6    9   13
   18   24   30   37   42   48   53   57   62   66   70   73   75   76   76   74
   72   69   66   62   57   52   46   40   33
    60.0-180.0 180.0   5.0 450.0                            LAT/LON1/LON2/DLON/H
   36   28   21   15   10    8    7    8    9   10   10   10    9    9    9   10
   12   15   17   18   19   19   19   19   19   20   21   21   22   23   22   21
   19   17   13   11    8    6    6    5    6    6    6    6    7    9   12   17
   23   30   37   44   49   54   58   62   66   69   72   75   77   78   77   76
   74   71   68   65   61   56   50   43   36
    57.5-180.0 180.0   5.0 450.0                            LAT/LON1/LON2/DLON/H
   43   35   26   19   13   10    8    9   10   11   12   11   10   10   10   11
   13   15   16   16   16   15   14   14   15   16   17   18   19   20   20   19
   18   15   13   11    9    8    9    9   10   11   11   12   12   14   18   23
   30   38   45   52   58   63   66   68   71   73   76   78   80   80   80   78
   76   74   72   70   67   63   58   51   43
    55.0-180.0 180.0   5.0 450.0                            LAT/LON1/LON2/DLON/H
   57   48   38   29   21   16   13   12   13   14   14   13   11   10   10   12
   13   14   14   13   11   10    9    9   10   12   14   16   17   18   18   18
   17   15   14   12   12   12   13   15   17   18   18   18   19   21   25   31
   39   48   56   63   69   73   76   77   79   81   83   84   86   86   85   83
   82   81   80   79   77   75   70   64   57
    52.5-180.0 180.0   5.0 450.0                            LAT/LON1/LON2/DLON/H
   76   67   57   46   36   28   22   20   19   19   18   16   13   12   12   13
   14   14   13   11    8    6    6    7    9   11   14   16   18   18   18   18
   18   17   17   17   17   18   20   22   24   25   26   26   27   30   34   41
   50   59   69   76   83   87   89   90   90   92   93   94   95   95   94   92
   90   90   90   90   90   89   87   82   76
    50.0-180.0 180.0   5.0 450.0                            LAT/LON1/LON2/DLON/H
   97   90   80   68   55   44   35   30   28   26   23   20   17   15   14   15
   16   16   14   12    9    7    8   10   13   17   20   22   23   22   22   21
   21   22   22   24   25   26   28   30   32   33   34   34   36   39   45   53
   62   72   82   91   97  101  103  104  105  106  107  108  108  106  104  102
  100   99  100  101  103  104  104  102   97
    47.5-180.0 180.0   5.0 450.0                            LAT/LON1/LON2/DLON/H
  116  112  104   91   77   63   51   43   38   35   31   27   23   20   20   20
   21   21   19   17   15   15   16   19   24   28   31   32   31   30   28   27
   27   29   30   32   34   35   37   38   39   40   41   42   45   49   56   65
   75   86   96  104  111  116  118  120  120  121  121  121  120  118  115  111
  108  107  107  109  111  114  116  117  116
    45.0-180.0 180.0   5.0 450.0                            LAT/LON1/LON2/DLON/H
  127  127  121  111   96   80   66   56   50   46   41   36   32   29   28   28
   29   29   28   27   27   28   31   35   39   43   45   44   42   39   36   35
   35   37   39   42   44   45   45   45   46   47   47   49   53   59   68   78
   88   99  108  116  123  128  132  133  134  134  134  133  131  128  123  118
  114  111  110  111  113  116  120  124  127
    42.5-180.0 180.0   5.0 450.0                            LAT/LON1/LON2/DLON/H
  127  131  130  122  108   92   78   67   61   57   53   48   44   40   39   39
   40   40   40   41   43   46   49   53   57   59   59   56   52   47   43   42
   42   45   48   51   52   53   52   52   51   52   53   56   61   69   79   90
  100  110  118  125  132  137  141  143  144  145  144  142  139  134  129  123
  117  113  110  108  107  110  114  121  127
    40.0-180.0 180.0   5.0 450.0                            LAT/LON1/LON2/DLON/H
  117  124  127  122  111   97   84   74   69   67   64   61   57   55   53   52
   52   52   54   57   61   65   68   70   72   71   69   64   59   53   50   48
   49   52   55   58   59   59   57   56   56   56   58   62   69   79   90  101
  111  118  125  130  136  142  146  149  151  151  150  147  144  139  133  127
  121  115  109  104  100   99  102  108  117
    37.5-180.0 180.0   5.0 450.0                            LAT/LON1/LON2/DLON/H
  100  109  114  113  106   94   83   76   74   74   75   74   72   70   68   66
   64   65   68   73   78   82   83   83   81   78   74   68   62   57   54   53
   54   57   60   63   63   63   61   60   60   60   63   67   76   87  100  111
  120  125  129  133  138  143  147  151  153  153  152  150  147  143  139  135
  130  124  115  106   97   90   89   93  100
    35.0-180.0 180.0   5.0 450.0                            LAT/LON1/LON2/DLON/H
   86   92   97   98   94   86   78   73   74   78   82   84   85   84   82   79
   76   76   79   86   92   94   93   89   84   79   74   68   63   59   57   57
   59   61   63   65   65   64   63   63   63   64   67   72   82   95  109  120
  127  131  132  134  138  142  147  151  154  155  154  153  152  151  151  151
  149  144  134  120  106   93   85   82   86
    32.5-180.0 180.0   5.0 450.0                            LAT/LON1/LON2/DLON/H
   81   81   83   83   81   75   69   67   70   77   85   91   95   95   93   89
   85   83   87   94  100  101   96   88   81   75   70   66   62   61   61   62
   63   64   65   66   65   64   64   64   65   66   70   77   88  102  116  127
  134  136  136  137  139  143  148  152  155  157  158  160  162  166  172  177
  180  178  168  152  133  113   97   86   81
    30.0-180.0 180.0   5.0 450.0                            LAT/LON1/LON2/DLON/H
   94   84   79   76   72   67   62   61   65   73   83   92   99  102  100   96
   90   88   91   98  102  100   93   83   75   70   67   65   64   65   67   68
   68   68   67   65   64   63   63   64   66   68   72   79   92  107  123  134
  140  142  142  142  144  147  152  157  161  164  167  172  179  190  202  214
  223  225  218  202  179  154  130  109   94
    27.5-180.0 180.0   5.0 450.0                            LAT/LON1/LON2/DLON/H
  126  105   90   80   72   65   59   56   59   67   78   88   97  102  102   98
   92   89   91   96   99   95   86   76   69   67   67   68   69   72   74   75
   74   72   68   65   62   61   62   64   66   68   72   81   95  112  128  141
  148  151  152  153  154  158  162  167  172  176  182  191  204  220  240  258
  273  280  277  264  241  213  182  152  126
    25.0-180.0 180.0   5.0 450.0                            LAT/LON1/LON2/DLON/H
  175  142  116   98   84   73   63   56   55   60   69   80   90   97   99   96
   90   87   88   91   93   88   78   70   68   70   74   77   79   81   83   83
   80   75   70   65   61   60   60   62   63   65   70   81   97  116  134  148
  157  163  166  169  171  175  179  184  189  195  203  215  233  256  280  303
  323  335  337  328  309  281  248  212  175
    22.5-180.0 180.0   5.0 450.0                            LAT/LON1/LON2/DLON/H
  234  192  155  128  107   90   75   62   55   55   61   70   79   87   91   90
   86   83   83   84   84   80   73   70   73   81   88   91   92   93   93   90
   85   78   72   65   61   58   58   58   59   61   67   80   98  120  139  155
  168  177  184  189  193  197  202  207  212  218  228  243  265  291  317  342
  363  379  386  383  370  347  316  277  234
    20.0-180.0 180.0   5.0 450.0                            LAT/LON1/LON2/DLON/H
  293  245  201  165  138  115   93   74   60   54   56   61   68   75   81   83
   81   78   77   77   76   74   72   76   86   97  105  108  106  103  100   95
   88   81   74   67   62   58   56   54   54   55   63   77   99  123  145  163
  179  193  204  212  218  223  229  234  239  244  254  271  295  321  347  370
  389  405  416  420  414  399  373  337  293
    17.5-180.0 180.0   5.0 450.0                            LAT/LON1/LON2/DLON/H
  342  293  245  204  172  144  117   91   71   59   55   56   59   64   71   75
   76   74   72   71   71   72   77   87  103  117  124  123  118  111  104   97
   89   82   76   71   65   59   54   50   48   49   58   76  100  126  150  171
  191  209  224  235  243  249  256  261  266  270  280  296  319  344  365  382
  397  410  423  432  434  428  411  383  342
    15.0-180.0 180.0   5.0 450.0                            LAT/LON1/LON2/DLON/H
  374  330  283  241  206  175  144  114   88   72   62   58   56   58   64   70
   73   71   68   66   68   74   86  103  122  136  140  135  125  115  106   96
   88   83   79   75   69   61   53   47   43   44   55   75  102  130  156  179
  201  223  242  255  265  272  280  286  290  293  301  316  336  357  372  382
  389  398  410  422  430  433  426  407  374
    12.5-180.0 180.0   5.0 450.0                            LAT/LON1/LON2/DLON/H
  390  353  311  271  237  205  173  140  111   91   78   68   61   58   62   68
   73   71   67   65   69   80   99  121  140  150  150  140  128  117  106   96
   88   84   83   81   74   64   54   44   39   41   53   76  106  135  161  185
  210  234  255  270  281  290  299  306  309  311  316  328  345  361  370  372
  372  376  385  397  409  418  420  412  390
    10.0-180.0 180.0   5.0 450.0                            LAT/LON1/LON2/DLON/H
  392  365  330  295  264  234  202  169  139  117  102   88   75   67   67   72
   76   74   69   67   74   91  114  138  155  159  153  140  128  117  107   96
   89   87   88   87   80   68   55   43   38   41   55   80  110  139  165  190
  216  242  263  278  289  300  310  318  321  321  324  334  348  360  364  361
  355  354  360  370  382  394  403  404  392
     7.5-180.0 180.0   5.0 450.0                            LAT/LON1/LON2/DLON/H
  388  371  344  315  289  263  232  199  169  148  132  116   98   84   79   80
   82   80   75   74   83  104  130  153  165  163  150  136  125  118  110  100
   93   91   92   92   84   71   56   44   39   43   59   85  115  144  169  193
  219  245  266  280  290  301  313  322  325  325  326  333  345  355  358  353
  346  343  345  353  362  373  384  391  388
     5.0-180.0 180.0   5.0 450.0                            LAT/LON1/LON2/DLON/H
  387  377  358  335  314  291  262  230  201  180  165  148  127  108   97   94
   93   89   84   83   95  119  146  167  172  162  145  131  124  122  117  108
   99   95   96   95   86   72   56   45   41   48   65   91  121  148  172  195
  220  244  263  275  285  296  308  318  322  321  321  328  339  350  355  353
  349  347  349  353  359  366  376  385  387
     2.5-180.0 180.0   5.0 450.0                            LAT/LON1/LON2/DLON/H
  394  389  375  358  341  320  292  260  231  211  197  181  159  136  119  111
  107  102   96   97  110  135  162  178  177  161  140  128  126  128  126  116
  105   99   97   94   85   70   55   45   44   53   72   98  126  151  173  195
  218  239  255  265  274  285  298  307  311  311  311  318  331  345  356  361
  364  367  370  373  375  378  383  391  394
