gnss_tightly_coupled/example/dataset/codg3370.21i
     1.0            IONOSPHERE MAPS     GNSS                IONEX VERSION / TYPE
ADDNEQ2 V5.3        AIUB                07-DEC-21 20:51     PGM / RUN BY / DATE 
CODE'S GLOBAL IONOSPHERE MAPS FOR DAY 337, 2021             COMMENT             
Global ionosphere maps (GIM) are generated on a daily basis DESCRIPTION         
at CODE using data from about 300 GNSS sites of the IGS and DESCRIPTION         
other institutions. The vertical total electron content     DESCRIPTION         
(VTEC) is modeled in a solar-geomagnetic reference frame    DESCRIPTION         
using a spherical harmonics expansion up to degree and      DESCRIPTION         
order 15. Piece-wise linear functions are used for          DESCRIPTION         
representation in the time domain. The time spacing of      DESCRIPTION         
their vertices is 1 hour, conforming with the epochs of the DESCRIPTION         
VTEC maps.                                                  DESCRIPTION         
To convert line-of-sight TEC into vertical TEC, a modified  DESCRIPTION         
single-layer model mapping function approximating the JPL   DESCRIPTION         
extended slab model mapping function is adopted. The        DESCRIPTION         
mapping function is evaluated at geodetic satellite         DESCRIPTION         
elevation angles. For the computation of the ionospheric    DESCRIPTION         
pierce points, a spherical layer with a radius of 6821 km   DESCRIPTION         
is assumed, implying geocentric, not geodetic IONEX         DESCRIPTION         
latitudes.                                                  DESCRIPTION         
Instrumental biases with respect to each involved GNSS code DESCRIPTION         
observable are estimated as constant values for each        DESCRIPTION         
day. They are modeled with one set of bias parameters for   DESCRIPTION         
each satellite and each station in case of GPS and for each DESCRIPTION         
satellite-station link in case of GLONASS. The code bias    DESCRIPTION         
datum is defined by zero-mean conditions imposed on the     DESCRIPTION         
satellite bias estimates. In this file, just GPS C1W-C2W    DESCRIPTION         
satellite and station bias values are included. The         DESCRIPTION         
complete set of GNSS code bias results is provided in an    DESCRIPTION         
additional Bias-SINEX file as pseudo-absolute values        DESCRIPTION         
specific to each observable.                                DESCRIPTION         
Note: These GIM results correspond to the results for the   DESCRIPTION         
middle day of a 3-day combination analysis solving for 73   DESCRIPTION         
times 256, or 18688 VTEC parameters and 3 daily sets of     DESCRIPTION         
GNSS code bias parameters.                                  DESCRIPTION         
Contact address: code(at)aiub.unibe.ch                      DESCRIPTION         
Data archive:    ftp.aiub.unibe.ch/CODE/                    DESCRIPTION         
                 www.aiub.unibe.ch/download/CODE/           DESCRIPTION         
  2021    12     3     0     0     0                        EPOCH OF FIRST MAP  
  2021    12     4     0     0     0                        EPOCH OF LAST MAP   
  3600                                                      INTERVAL            
[...]
cas1 ccj2 cedu chpg chpi chti chur ckis coco cord cpvg cro1 COMMENT             
daej darw dav1 dgar dhlg drao dubo ebre faa1 fair flin flrs COMMENT             
frdn ftna func ganp glps glsv gode godz gol2 gold gope gras COMMENT             
graz guat guug harb hers hert hlfx hnlc hnpt hofn holb hyde COMMENT             
ieng iisc invk iqal irkj isba jog2 joz2 joze kerg kir0 kiru COMMENT             
kit3 kokb kokv koug kour krgg lama laut lhaz lmmf lpal lpgs COMMENT             
m0se mac1 madr mal2 mana mas1 mat1 mate maui maw1 mcil mcm4 COMMENT             
mdo1 mdvj medi mets mgue mizu mkea mobj mobs monp morp mqzg COMMENT             
mro1 mtka nano nico nist nklg nlib nnor not1 nrc1 ntus nya1 COMMENT             
nyal ohi2 ohi3 onsa ous2 pado park pdel penc pert pie1 pimo COMMENT             
pohn pol2 pots pove prds ptag ptbb ptvl qaq1 quin ramo reun COMMENT             
reyk rgdg rio2 riop salu samo sant savo sch2 scor scrz sctb COMMENT             
scub seyg sfer smst sofi spt0 ssia sthl stjo stk2 suth sutm COMMENT             
suwn sydn syog tabl tabv tash thtg thti thu2 tid1 tidb tixg COMMENT             
tlse tong tow2 tro1 tsea tskb tuva twtf uclu ufpr ulab unb3 COMMENT             
unbn unsa urum usn7 usud vaco vald vill voim wab1 wab2 wark COMMENT             
wes2 wgtn whit will wind wsrt wtza wtzl wtzr wtzs wtzz wuhn COMMENT             
xmis yakt yar2 yar3 yarr yell ykro yssk zamb zeck zim2 zim3 COMMENT             
zimm                                                        COMMENT             
                                                            END OF HEADER       
[from data line 6435]
    16                                                      START OF TEC MAP    
  2021    12     3    15     0     0                        EPOCH OF CURRENT MAP
    87.5-180.0 180.0   5.0 450.0                            LAT/LON1/LON2/DLON/H
   34   34   33   33   33   33   34   34   34   34   34   34   34   34   34   34
   34   34   34   35   35   35   35   35   35   35   35   35   35   36   36   36
   36   36   36   36   36   36   37   37   37   37   37   37   37   37   37   37
   37   37   37   37   37   37   37   37   36   36   36   36   36   35   35   35
   35   35   34   34   34   34   34   34   34
    85.0-180.0 180.0   5.0 450.0                            LAT/LON1/LON2/DLON/H
   31   30   30   31   31   31   31   31   31   32   32   32   32   32   32   33
   33   33   33   33   33   33   33   33   33   33   34   34   34   34   34   34
   34   34   35   35   35   35   35   36   36   36   36   37   37   37   37   37
   37   38   38   38   37   37   37   37   36   36   36   35   35   34   34   33
   33   32   32   32   31   31   31   31   31
    82.5-180.0 180.0   5.0 450.0                            LAT/LON1/LON2/DLON/H
   28   28   28   28   29   29   29   30   30   30   31   31   31   32   32   32
   32   32   32   32   32   32   31   31   32   32   32   32   32   32   32   32
   32   32   32   33   33   33   33   33   34   34   34   35   35   36   36   37
   37   38   38   38   38   38   38   37   37   36   35   35   34   33   32   32
   31   30   30   30   29   29   29   28   28
    80.0-180.0 180.0   5.0 450.0                            LAT/LON1/LON2/DLON/H
   28   28   28   28   29   29   29   30   31   31   32   32   33   33   33   32
   32   32   31   31   31   31   31   31   31   31   31   31   31   31   31   31
   31   31   31   31   31   31   31   31   31   31   32   32   33   34   35   36
   37   38   38   39   39   39   39   38   37   36   35   34   33   32   32   31
   30   30   29   29   29   29   29   28   28
    77.5-180.0 180.0   5.0 450.0                            LAT/LON1/LON2/DLON/H
   32   32   31   31   31   31   32   33   33   34   35   36   36   36   35   34
   34   33   32   32   32   32   32   32   33   33   33   33   33   32   32   32
   31   31   31   30   30   30   30   29   29   29   30   30   31   32   34   35
   37   38   39   40   41   41   40   40   39   37   36   35   34   33   32   31
   31   31   31   31   32   32   32   32   32
    75.0-180.0 180.0   5.0 450.0                            LAT/LON1/LON2/DLON/H
   38   38   37   36   36   36   36   37   38   39   40   41   40   40   39   38
   36   35   34   34   35   35   36   37   38   39   39   38   38   37   36   35
   35   34   33   32   31   31   30   29   28   28   28   28   29   31   32   35
   37   39   41   42   43   43   42   41   40   39   37   35   34   33   32   32
   33   33   34   35   37   37   38   38   38
    72.5-180.0 180.0   5.0 450.0                            LAT/LON1/LON2/DLON/H
   46   45   44   43   42   41   41   42   43   45   46   46   46   45   43   41
   39   38   37   37   39   41   43   45   47   48   48   48   47   45   43   42
   40   38   37   36   34   33   32   30   29   28   27   27   28   30   32   34
   37   39   42   43   44   44   43   42   41   39   37   36   34   33   33   33
   34   36   37   40   42   44   45   46   46
    70.0-180.0 180.0   5.0 450.0                            LAT/LON1/LON2/DLON/H
   53   52   50   48   46   45   45   45   47   49   50   51   50   48   46   43
   41   39   40   41   44   48   52   56   59   60   61   59   57   55   52   49
   47   45   42   40   38   36   34   32   30   29   28   27   27   29   31   33
   36   39   41   43   43   43   42   41   40   38   36   35   34   33   33   33
   34   36   39   42   46   49   51   53   53
    67.5-180.0 180.0   5.0 450.0                            LAT/LON1/LON2/DLON/H
   56   55   53   51   48   46   45   46   48   50   52   52   52   50   47   43
   41   40   42   45   50   56   62   68   72   74   74   72   69   66   62   58
   55   52   48   46   43   40   37   35   32   30   28   27   27   27   29   31
   34   36   38   39   40   39   38   37   36   34   34   33   32   31   31   31
   32   34   37   41   45   50   53   55   56
    65.0-180.0 180.0   5.0 450.0                            LAT/LON1/LON2/DLON/H
   55   55   53   49   46   43   42   43   45   48   50   51   50   48   45   42
   40   40   43   48   56   64   72   79   83   86   85   83   80   76   72   68
   63   59   55   51   47   44   41   37   34   32   29   27   26   25   26   28
   30   32   33   33   32   31   30   29   29   29   29   29   29   29   28   28
   28   30   32   36   41   46   50   53   55
    62.5-180.0 180.0   5.0 450.0                            LAT/LON1/LON2/DLON/H
   49   49   48   44   41   38   36   37   39   42   44   45   45   43   41   39
   38   40   44   51   60   70   79   87   92   95   94   92   89   85   81   77
   72   68   62   57   52   48   44   40   37   34   30   27   25   23   23   23
   24   25   25   24   22   21   20   19   20   22   24   26   26   26   25   24
   23   23   25   28   32   37   42   46   49
    60.0-180.0 180.0   5.0 450.0                            LAT/LON1/LON2/DLON/H
   40   41   40   37   34   30   29   29   31   34   36   37   37   36   35   35
   37   40   46   54   64   74   84   92   97  100  100   99   96   93   90   87
   82   77   70   64   57   52   47   43   40   37   33   29   25   22   20   19
   19   18   17   15   12   10    9   10   12   16   20   23   24   24   23   21
   19   18   18   19   22   27   32   36   40
    57.5-180.0 180.0   5.0 450.0                            LAT/LON1/LON2/DLON/H
   31   33   33   31   27   24   22   22   24   26   28   29   29   29   30   33
   37   42   49   58   67   77   86   94   99  102  103  103  102  101   99   97
   93   87   79   71   63   57   52   48   45   41   37   32   27   22   18   16
   15   13   11    8    5    2    1    3    7   12   17   22   24   24   22   20
   17   15   13   13   15   18   22   27   31
    55.0-180.0 180.0   5.0 450.0                            LAT/LON1/LON2/DLON/H
   25   28   29   27   24   21   19   18   19   20   21   21   22   24   27   33
   39   46   54   62   70   79   87   95  100  103  105  106  107  107  108  106
  103   96   88   78   70   62   57   54   51   48   44   38   31   25   20   16
   14   13   10    7    3    0    0    1    6   13   19   24   26   26   25   22
   19   16   14   13   12   14   16   20   25
    52.5-180.0 180.0   5.0 450.0                            LAT/LON1/LON2/DLON/H
   24   27   29   28   25   22   20   20   19   19   18   17   18   21   28   36
   45   53   61   67   74   82   89   96  101  105  108  110  111  113  114  114
  110  104   95   85   76   69   65   62   60   57   52   45   38   30   24   21
   19   17   15   12    8    5    4    7   12   18   25   29   31   31   29   27
   25   23   21   19   17   16   17   20   24
    50.0-180.0 180.0   5.0 450.0                            LAT/LON1/LON2/DLON/H
   28   32   34   34   32   29   27   26   25   23   21   19   19   24   32   43
   53   62   69   75   80   86   93  100  106  110  113  115  117  118  119  117
  114  108   99   90   82   76   72   70   69   66   62   55   46   38   32   28
   27   27   26   24   21   18   16   18   23   28   34   37   38   37   35   34
   33   32   32   30   27   24   23   25   28
    47.5-180.0 180.0   5.0 450.0                            LAT/LON1/LON2/DLON/H
   37   41   43   43   41   39   38   37   36   33   29   26   26   32   41   53
   65   73   79   83   88   94  101  109  115  120  122  122  121  120  119  116
  112  106  100   93   87   83   80   79   78   76   71   64   56   47   41   39
   39   41   41   40   37   34   33   34   38   42   45   47   46   44   42   41
   42   43   44   43   41   37   34   35   37
    45.0-180.0 180.0   5.0 450.0                            LAT/LON1/LON2/DLON/H
   48   51   53   53   52   50   49   49   49   46   42   39   39   45   55   67
   77   85   90   94   98  105  113  122  128  132  132  130  125  120  115  110
  105  100   96   93   90   88   87   86   86   84   79   73   64   56   51   50
   52   55   57   57   55   52   51   51   53   56   57   57   54   51   48   48
   49   53   55   56   53   50   47   46   48
    42.5-180.0 180.0   5.0 450.0                            LAT/LON1/LON2/DLON/H
   57   60   62   61   60   59   60   61   61   60   56   54   56   62   72   82
   91   97  102  106  112  120  129  137  143  145  143  136  127  117  108  101
   96   93   92   92   93   93   93   92   91   89   85   79   71   64   60   59
   63   67   71   71   70   67   66   66   67   68   68   65   61   57   53   52
   54   58   61   63   62   59   56   55   57
    40.0-180.0 180.0   5.0 450.0                            LAT/LON1/LON2/DLON/H
   61   64   65   65   64   64   65   68   71   71   71   71   74   81   90   98
  105  109  113  119  127  136  146  153  157  156  151  141  128  114  102   94
   89   88   90   94   98  100  100   98   95   92   88   83   76   70   66   67
   71   76   79   80   79   77   75   75   76   76   75   71   67   61   57   55
   55   58   62   64   64   62   60   59   61
    37.5-180.0 180.0   5.0 450.0                            LAT/LON1/LON2/DLON/H
   60   62   63   63   62   63   66   70   75   78   82   86   93  101  108  114
  118  121  126  133  143  153  161  166  166  163  155  144  129  115  102   93
   90   91   96  102  107  109  108  104   99   95   91   86   80   75   72   72
   76   80   83   83   81   79   78   78   80   80   79   75   70   64   59   55
   54   55   57   59   60   59   58   58   60
    35.0-180.0 180.0   5.0 450.0                            LAT/LON1/LON2/DLON/H
   54   56   57   56   55   56   61   66   73   80   88   97  108  118  125  128
  130  132  138  147  158  167  172  172  169  163  156  146  134  122  111  106
  105  108  114  120  124  124  120  113  105   99   94   90   85   80   77   77
   79   81   82   81   79   77   76   77   79   80   79   76   72   66   61   55
   51   49   50   51   52   52   51   52   54
    32.5-180.0 180.0   5.0 450.0                            LAT/LON1/LON2/DLON/H
   45   47   47   46   45   47   52   58   66   76   88  103  118  131  138  140
  140  142  150  160  171  177  177  171  164  158  154  149  144  138  134  133
  135  140  145  149  150  146  138  127  116  108  102   98   93   89   85   83
   83   83   81   79   75   73   72   74   76   78   78   76   72   68   62   56
   50   46   43   43   44   44   44   44   45
    30.0-180.0 180.0   5.0 450.0                            LAT/LON1/LON2/DLON/H
   38   38   37   36   36   38   42   49   57   68   84  104  123  139  147  149
  149  152  160  171  179  181  175  164  155  151  153  158  163  167  171  176
  181  186  188  188  183  174  161  147  133  123  117  112  107  102   97   93
   91   88   84   79   74   71   70   72   75   77   78   76   73   69   65   59
   52   46   41   39   39   38   37   37   38
    27.5-180.0 180.0   5.0 450.0                            LAT/LON1/LON2/DLON/H
   33   32   30   29   29   31   35   40   47   59   77  100  123  141  151  154
  156  161  169  178  183  179  168  154  146  147  158  174  190  205  217  228
  236  240  238  231  220  206  190  173  157  146  139  133  128  121  115  109
  103   97   91   85   79   76   74   74   76   78   78   77   74   72   69   64
   58   50   45   41   40   38   36   34   33
    25.0-180.0 180.0   5.0 450.0                            LAT/LON1/LON2/DLON/H
   34   31   28   26   27   29   32   35   40   50   69   94  120  140  152  158
  162  168  176  182  183  174  160  146  142  151  172  199  226  249  269  284
  293  294  287  273  256  238  220  202  187  175  167  160  154  146  138  129
  121  113  105   98   92   87   83   82   82   82   81   79   76   74   73   71
   66   60   54   50   47   44   40   36   34
    22.5-180.0 180.0   5.0 450.0                            LAT/LON1/LON2/DLON/H
   38   34   31   29   29   31   33   34   36   45   63   89  115  136  151  161
  168  175  181  184  180  169  155  145  147  165  196  231  265  294  316  333
  341  340  328  308  287  267  249  233  219  208  199  192  184  174  164  153
  142  132  123  116  110  104   99   94   91   89   87   83   80   78   78   78
   76   71   66   62   58   53   48   43   38
    20.0-180.0 180.0   5.0 450.0                            LAT/LON1/LON2/DLON/H
   45   40   37   34   35   37   37   37   37   45   61   85  111  133  151  164
  175  183  186  184  177  167  157  155  167  193  230  269  304  332  353  368
  375  370  355  332  309  289  273  261  250  241  232  224  214  202  189  176
  163  151  142  137  131  125  116  108  103   98   94   89   84   83   84   85
   85   83   79   75   71   65   58   51   45
    17.5-180.0 180.0   5.0 450.0                            LAT/LON1/LON2/DLON/H
   52   47   43   41   42   43   44   42   42   48   63   86  110  133  152  169
  183  191  192  187  179  172  171  179  200  232  270  307  337  359  375  385
  389  383  367  344  321  304  292  285  278  270  262  253  241  227  212  195
  180  167  159  154  150  143  133  122  113  107  102   95   90   88   89   91
   93   92   89   86   81   74   66   58   52
    15.0-180.0 180.0   5.0 450.0                            LAT/LON1/LON2/DLON/H
   57   52   48   46   46   48   49   47   48   54   69   91  114  136  158  178
  194  202  201  194  188  187  197  216  244  278  312  341  361  373  380  386
  388  382  368  347  326  313  306  303  300  294  287  277  263  247  228  209
  191  177  170  166  163  157  145  132  121  114  108  102   97   94   94   96
   97   96   94   91   86   79   70   63   57
    12.5-180.0 180.0   5.0 450.0                            LAT/LON1/LON2/DLON/H
   57   52   49   47   48   50   51   51   53   62   78   99  121  143  166  189
  208  216  215  208  205  214  234  262  294  324  350  366  373  374  373  374
  376  374  364  347  331  320  317  317  316  312  305  294  279  260  238  216
  196  181  173  171  169  163  151  138  126  118  113  108  103  100  100  100
   99   97   95   92   87   79   71   63   57
    10.0-180.0 180.0   5.0 450.0                            LAT/LON1/LON2/DLON/H
   54   50   46   44   45   47   49   52   57   69   88  109  131  154  178  203
  223  233  232  228  232  249  278  312  343  366  378  381  376  366  360  360
  365  369  365  353  340  331  328  329  328  325  317  306  290  269  244  219
  196  180  172  170  169  163  152  139  127  121  117  114  110  107  105  103
  100   96   92   89   83   76   67   60   54
     7.5-180.0 180.0   5.0 450.0                            LAT/LON1/LON2/DLON/H
   49   44   41   39   39   42   45   49   59   75   97  120  143  166  191  217
  239  251  253  254  265  290  325  359  384  396  395  386  371  357  349  351
  362  373  377  371  359  349  344  341  339  334  327  315  298  275  248  221
  196  179  169  166  165  160  150  138  127  122  119  118  117  114  111  107
  101   94   89   85   79   72   63   56   49
     5.0-180.0 180.0   5.0 450.0                            LAT/LON1/LON2/DLON/H
   46   40   35   33   33   36   39   46   59   79  104  129  153  177  203  230
  253  268  275  283  301  331  367  397  412  412  400  382  365  351  347  355
  374  393  404  401  390  376  365  357  351  344  335  323  306  282  254  226
  200  181  169  164  161  157  148  137  128  123  122  122  122  121  118  111
  103   95   88   83   77   70   61   53   46
     2.5-180.0 180.0   5.0 450.0                            LAT/LON1/LON2/DLON/H
   45   38   32   30   30   32   36   44   59   81  109  136  161  185  212  239
  264  282  296  311  334  366  399  421  426  414  395  375  361  354  358  374
  401  427  443  443  429  410  391  376  364  354  345  333  316  293  265  236
  210  189  175  167  162  157  149  140  132  127  125  126  127  127  124  117
  107   98   91   85   80   72   63   54   45
