gnss_tightly_coupled/example/dataset/codg3370.21i
     1.0            IONOSPHERE MAPS     GNSS                IONEX VERSION / TYPE
ADDNEQ2 V5.3        AIUB                07-DEC-21 20:51     PGM / RUN BY / DATE 
CODE'S GLOBAL IONOSPHERE MAPS FOR DAY 337, 2021             COMMENT             
Global ionosphere maps (GIM) are generated on a daily basis DESCRIPTION         
at CODE using data from about 300 GNSS sites of the IGS and DESCRIPTION         
other institutions. The vertical total electron content     DESCRIPTION         
(VTEC) is modeled in a solar-geomagnetic reference frame    DESCRIPTION         
using a spherical harmonics expansion up to degree and      DESCRIPTION         
order 15. Piece-wise linear functions are used for          DESCRIPTION         
representation in the time domain. The time spacing of      DESCRIPTION         
their vertices is 1 hour, conforming with the epochs of the DESCRIPTION         
VTEC maps.                                                  DESCRIPTION         
To convert line-of-sight TEC into vertical TEC, a modified  DESCRIPTION         
single-layer model mapping function approximating the JPL   DESCRIPTION         
extended slab model mapping function is adopted. The        DESCRIPTION         
mapping function is evaluated at geodetic satellite         DESCRIPTION         
elevation angles. For the computation of the ionospheric    DESCRIPTION         
pierce points, a spherical layer with a radius of 6821 km   DESCRIPTION         
is assumed, implying geocentric, not geodetic IONEX         DESCRIPTION         
latitudes.                                                  DESCRIPTION         
Instrumental biases with respect to each involved GNSS code DESCRIPTION         
observable are estimated as constant values for each        DESCRIPTION         
day. They are modeled with one set of bias parameters for   DESCRIPTION         
each satellite and each station in case of GPS and for each DESCRIPTION         
satellite-station link in case of GLONASS. The code bias    DESCRIPTION         
datum is defined by zero-mean conditions imposed on the     DESCRIPTION         
satellite bias estimates. In this file, just GPS C1W-C2W    DESCRIPTION         
satellite and station bias values are included. The         DESCRIPTION         
complete set of GNSS code bias results is provided in an    DESCRIPTION         
additional Bias-SINEX file as pseudo-absolute values        DESCRIPTION         
specific to each observable.                                DESCRIPTION         
Note: These GIM results correspond to the results for the   DESCRIPTION         
middle day of a 3-day combination analysis solving for 73   DESCRIPTION         
times 256, or 18688 VTEC parameters and 3 daily sets of     DESCRIPTION         
GNSS code bias parameters.                                  DESCRIPTION         
Contact address: code(at)aiub.unibe.ch                      DESCRIPTION         
Data archive:    ftp.aiub.unibe.ch/CODE/                    DESCRIPTION         
                 www.aiub.unibe.ch/download/CODE/           DESCRIPTION         
  2021    12     3     0     0     0                        EPOCH OF FIRST MAP  
  2021    12     4     0     0     0                        EPOCH OF LAST MAP   
  3600                                                      INTERVAL            
[...]
cas1 ccj2 cedu chpg chpi chti chur ckis coco cord cpvg cro1 COMMENT             
daej darw dav1 dgar dhlg drao dubo ebre faa1 fair flin flrs COMMENT             
frdn ftna func ganp glps glsv gode godz gol2 gold gope gras COMMENT             
graz guat guug harb hers hert hlfx hnlc hnpt hofn holb hyde COMMENT             
ieng iisc invk iqal irkj isba jog2 joz2 joze kerg kir0 kiru COMMENT             
kit3 kokb kokv koug kour krgg lama laut lhaz lmmf lpal lpgs COMMENT             
m0se mac1 madr mal2 mana mas1 mat1 mate maui maw1 mcil mcm4 COMMENT             
mdo1 mdvj medi mets mgue mizu mkea mobj mobs monp morp mqzg COMMENT             
mro1 mtka nano nico nist nklg nlib nnor not1 nrc1 ntus nya1 COMMENT             
nyal ohi2 ohi3 onsa ous2 pado park pdel penc pert pie1 pimo COMMENT             
pohn pol2 pots pove prds ptag ptbb ptvl qaq1 quin ramo reun COMMENT             
reyk rgdg rio2 riop salu samo sant savo sch2 scor scrz sctb COMMENT             
scub seyg sfer smst sofi spt0 ssia sthl stjo stk2 suth sutm COMMENT             
suwn sydn syog tabl tabv tash thtg thti thu2 tid1 tidb tixg COMMENT             
tlse tong tow2 tro1 tsea tskb tuva twtf uclu ufpr ulab unb3 COMMENT             
unbn unsa urum usn7 usud vaco vald vill voim wab1 wab2 wark COMMENT             
wes2 wgtn whit will wind wsrt wtza wtzl wtzr wtzs wtzz wuhn COMMENT             
xmis yakt yar2 yar3 yarr yell ykro yssk zamb zeck zim2 zim3 COMMENT             
zimm                                                        COMMENT             
                                                            END OF HEADER       
[from data line 9438]
    23                                                      START OF TEC MAP    
  2021    12     3    22     0     0                        EPOCH OF CURRENT MAP
    87.5-180.0 180.0   5.0 450.0                            LAT/LON1/LON2/DLON/H
   28   28   29   29   29   29   29   30   30   30   30   30   29   29   29   28
   28   28   27   26   26   25   25   24   24   23   22   22   22   21   21   20
   20   20   20   20   20   20   20   20   20   20   20   20   20   21   21   21
   21   22   22   22   22   23   23   23   23   24   24   24   24   25   25   25
   25   26   26   26   27   27   27   28   28
    85.0-180.0 180.0   5.0 450.0                            LAT/LON1/LON2/DLON/H
   28   29   30   31   32   33   33   34   35   35   35   35   35   34   34   33
   32   31   30   28   27   26   24   23   22   20   19   18   17   17   16   16
   15   15   15   15   15   15   15   16   16   16   17   17   18   18   19   19
   20   20   21   21   21   22   22   22   22   22   23   23   23   23   23   23
   24   24   24   25   25   26   27   28   28
    82.5-180.0 180.0   5.0 450.0                            LAT/LON1/LON2/DLON/H
   26   27   29   31   32   34   36   37   38   39   40   40   40   40   39   38
   36   34   32   30   28   26   23   21   20   18   16   15   14   13   13   13
   12   12   13   13   13   13   14   14   15   15   16   17   17   18   19   19
   20   20   21   21   22   22   22   22   22   22   21   21   21   20   20   20
   20   20   20   21   21   22   23   24   26
    80.0-180.0 180.0   5.0 450.0                            LAT/LON1/LON2/DLON/H
   22   24   26   29   31   34   36   38   41   42   44   44   45   44   43   41
   39   37   34   31   28   26   23   21   18   17   15   14   13   13   13   13
   13   13   14   14   15   15   16   16   16   17   17   18   19   19   20   20
   21   22   22   23   23   23   23   22   22   21   20   19   18   17   17   16
   15   15   15   16   16   17   19   20   22
    77.5-180.0 180.0   5.0 450.0                            LAT/LON1/LON2/DLON/H
   19   21   24   27   29   33   36   39   42   44   46   48   48   48   46   44
   42   38   35   32   29   26   23   21   19   17   16   16   15   15   16   16
   17   17   18   19   19   19   20   20   20   20   20   20   21   21   22   22
   23   23   24   24   24   24   24   23   22   21   20   18   17   15   14   12
   12   11   11   12   12   14   15   17   19
    75.0-180.0 180.0   5.0 450.0                            LAT/LON1/LON2/DLON/H
   19   21   24   26   29   33   36   40   43   46   48   50   50   50   48   46
   42   39   35   32   29   26   24   22   21   20   20   20   20   20   21   22
   22   23   24   24   25   25   24   24   24   23   23   23   23   23   23   24
   24   25   25   25   25   25   25   24   23   22   20   18   16   14   12   11
   10    9   10   10   12   13   15   17   19
    72.5-180.0 180.0   5.0 450.0                            LAT/LON1/LON2/DLON/H
   24   26   28   30   32   35   38   41   45   48   50   52   52   51   49   46
   42   38   34   31   29   27   26   25   25   25   25   25   25   25   26   27
   27   28   29   29   29   28   27   27   26   25   24   24   24   24   24   25
   25   25   25   25   26   25   25   25   24   22   20   18   16   14   12   10
   10   10   11   12   15   17   20   22   24
    70.0-180.0 180.0   5.0 450.0                            LAT/LON1/LON2/DLON/H
   33   34   36   37   38   39   41   44   47   51   53   54   54   53   50   46
   41   37   34   31   30   29   29   29   29   29   29   29   29   29   29   29
   29   30   30   30   29   28   27   26   25   24   24   24   24   24   24   25
   25   24   24   24   24   24   24   24   23   22   21   19   16   14   12   11
   11   12   14   17   20   24   28   31   33
    67.5-180.0 180.0   5.0 450.0                            LAT/LON1/LON2/DLON/H
   44   46   46   46   46   46   47   49   52   54   57   58   57   55   51   47
   42   37   34   32   31   32   32   33   33   33   32   31   30   29   28   28
   27   27   27   26   25   24   23   22   21   21   21   22   23   23   24   24
   23   23   22   21   21   21   21   21   21   21   20   19   17   15   13   13
   13   15   18   23   28   33   37   41   44
    65.0-180.0 180.0   5.0 450.0                            LAT/LON1/LON2/DLON/H
   55   57   57   56   55   54   54   55   57   59   61   62   61   58   54   49
   44   40   37   35   34   35   36   36   35   34   32   29   27   25   24   23
   22   21   20   20   19   18   17   16   16   17   18   19   21   22   23   23
   22   20   19   17   16   16   17   18   19   19   19   18   17   15   14   14
   15   18   22   28   34   41   47   52   55
    62.5-180.0 180.0   5.0 450.0                            LAT/LON1/LON2/DLON/H
   64   67   67   66   65   63   62   62   63   65   66   67   66   63   59   54
   49   45   42   40   39   39   38   37   35   32   29   26   23   20   18   16
   15   14   13   13   12   11   11   11   12   13   15   18   20   22   22   22
   20   18   15   13   12   11   12   14   15   17   18   18   17   16   15   15
   17   20   25   32   39   47   54   60   64
    60.0-180.0 180.0   5.0 450.0                            LAT/LON1/LON2/DLON/H
   71   74   75   75   73   72   70   70   70   71   71   72   71   69   66   62
   57   53   50   47   45   43   41   37   34   29   25   21   18   16   14   12
   11   10    9    8    8    7    8    8   10   12   15   18   21   23   23   22
   20   17   13   10    8    8    9   10   13   15   16   17   16   16   16   16
   18   22   27   34   42   51   59   66   71
    57.5-180.0 180.0   5.0 450.0                            LAT/LON1/LON2/DLON/H
   75   79   82   82   81   80   78   77   77   77   77   77   77   76   74   71
   68   64   60   57   52   48   43   37   32   26   22   19   17   15   14   13
   11   10    9    8    8    8    9   10   12   15   18   21   23   25   25   24
   21   18   14   10    8    7    8   10   12   15   16   17   17   16   17   18
   20   24   30   37   45   53   62   69   75
    55.0-180.0 180.0   5.0 450.0                            LAT/LON1/LON2/DLON/H
   79   84   87   89   89   88   87   86   85   84   83   83   83   83   82   82
   80   77   73   67   61   53   46   38   31   25   22   20   20   20   20   19
   17   15   14   13   14   15   16   17   19   21   23   26   28   29   29   27
   25   21   17   14   11   10   11   13   15   17   18   19   18   18   19   20
   23   28   33   40   48   57   65   73   79
    52.5-180.0 180.0   5.0 450.0                            LAT/LON1/LON2/DLON/H
   85   91   95   97   98   98   98   97   96   94   91   89   89   89   91   92
   92   89   85   78   69   60   50   41   34   29   27   27   29   31   31   29
   27   24   23   23   24   25   26   27   28   30   31   33   34   34   33   32
   30   27   24   21   19   18   18   20   22   23   23   23   22   22   22   25
   28   33   39   46   54   62   71   79   85
    50.0-180.0 180.0   5.0 450.0                            LAT/LON1/LON2/DLON/H
   95  101  105  107  109  110  111  110  109  105  101   97   95   96   98  101
  102  100   95   88   78   68   57   48   41   37   37   39   42   44   44   41
   38   34   33   33   35   37   38   39   39   39   40   40   40   39   39   38
   37   35   33   31   29   29   29   30   32   32   31   29   27   27   28   31
   35   41   47   55   63   71   80   88   95
    47.5-180.0 180.0   5.0 450.0                            LAT/LON1/LON2/DLON/H
  109  115  118  120  122  123  125  125  124  119  113  107  103  102  105  108
  109  108  104   97   87   77   67   58   52   50   50   53   56   57   55   51
   46   42   41   43   46   48   49   49   49   48   48   47   46   45   44   44
   44   45   44   43   42   41   42   43   44   43   41   37   34   33   35   38
   44   50   57   65   74   83   93  102  109
    45.0-180.0 180.0   5.0 450.0                            LAT/LON1/LON2/DLON/H
  126  131  134  136  136  137  139  141  140  135  127  118  112  110  111  114
  115  114  110  104   97   88   80   72   67   64   65   66   67   66   61   55
   48   45   45   49   54   57   58   57   56   55   54   53   51   50   49   50
   52   54   54   54   53   53   54   56   57   56   52   47   42   41   42   47
   53   60   67   75   85   96  107  117  126
    42.5-180.0 180.0   5.0 450.0                            LAT/LON1/LON2/DLON/H
  143  149  151  151  150  150  153  155  155  151  142  131  123  119  118  120
  121  119  116  112  107  101   95   88   83   79   77   75   73   68   61   52
   46   44   46   52   59   63   64   63   60   59   58   57   55   54   54   56
   59   61   63   63   62   63   64   67   68   67   62   56   50   48   50   55
   62   68   76   84   95  107  120  133  143
    40.0-180.0 180.0   5.0 450.0                            LAT/LON1/LON2/DLON/H
  157  165  167  165  162  161  163  166  168  164  155  144  135  129  127  127
  126  124  121  119  117  114  110  103   96   90   84   79   72   64   55   46
   41   41   47   56   65   69   69   66   64   62   62   61   60   58   58   61
   64   67   68   68   68   68   70   74   76   75   71   63   57   55   57   63
   70   76   83   91  102  115  130  145  157
    37.5-180.0 180.0   5.0 450.0                            LAT/LON1/LON2/DLON/H
  167  177  180  177  172  168  169  173  176  174  166  156  146  141  138  136
  133  129  127  127  128  127  123  115  105   95   86   77   67   57   48   41
   39   43   52   63   73   77   75   71   67   66   66   66   64   62   62   64
   68   70   71   70   69   69   72   77   80   80   76   68   62   60   63   70
   77   83   88   95  105  119  136  152  167
    35.0-180.0 180.0   5.0 450.0                            LAT/LON1/LON2/DLON/H
  172  184  190  187  180  174  172  175  179  178  173  164  157  152  150  146
  141  136  134  135  137  137  131  121  108   95   83   72   62   53   46   43
   45   53   64   77   86   88   85   78   73   71   71   71   69   66   66   67
   70   71   70   68   66   67   71   76   81   82   78   71   65   64   69   77
   84   90   93   99  107  121  137  155  172
    32.5-180.0 180.0   5.0 450.0                            LAT/LON1/LON2/DLON/H
  173  189  198  197  189  180  175  176  178  179  175  169  165  163  161  157
  151  144  142  142  144  142  134  121  105   90   78   69   61   56   55   57
   64   74   86   98  105  104   97   88   81   78   78   77   74   71   69   70
   71   71   68   65   63   64   68   73   79   80   77   70   65   66   73   83
   92   97  100  103  110  121  136  154  173
    30.0-180.0 180.0   5.0 450.0                            LAT/LON1/LON2/DLON/H
  174  193  206  208  200  189  181  178  178  177  175  172  171  172  171  167
  160  152  148  148  148  143  131  115   98   84   76   71   69   71   76   85
   95  105  116  124  127  123  112   99   90   87   86   84   80   75   73   72
   72   70   66   62   60   61   65   70   75   76   74   68   65   67   77   90
  101  107  109  111  116  125  137  154  174
    27.5-180.0 180.0   5.0 450.0                            LAT/LON1/LON2/DLON/H
  177  199  217  223  217  205  193  185  181  178  175  174  175  178  179  175
  167  158  152  149  147  139  124  106   90   81   79   82   88   97  109  123
  135  143  148  150  148  140  126  111  100   95   94   91   86   80   76   74
   73   69   65   61   60   61   63   67   70   72   69   65   63   69   81   97
  111  118  122  124  127  133  142  156  177
    25.0-180.0 180.0   5.0 450.0                            LAT/LON1/LON2/DLON/H
  184  209  232  243  241  228  214  201  192  185  180  177  179  182  184  180
  170  160  152  147  142  131  115   98   86   84   90  102  116  132  149  165
  176  180  178  172  163  151  135  120  108  103  100   97   91   84   79   77
   74   70   66   63   62   62   64   65   67   67   64   61   62   70   86  104
  121  131  137  141  144  148  154  165  184
    22.5-180.0 180.0   5.0 450.0                            LAT/LON1/LON2/DLON/H
  197  224  251  268  270  260  243  226  212  200  191  186  185  186  186  180
  170  159  150  143  135  124  108   95   90   96  111  131  150  170  189  205
  212  208  197  183  169  154  138  123  112  107  105  102   95   88   83   79
   76   72   68   66   65   66   66   65   64   62   60   59   61   72   90  111
  130  144  153  161  166  169  171  179  197
    20.0-180.0 180.0   5.0 450.0                            LAT/LON1/LON2/DLON/H
  215  242  273  295  303  296  279  260  241  224  210  200  195  191  187  179
  168  156  146  137  129  119  108  100  103  117  140  163  185  204  221  233
  235  223  203  181  163  148  133  120  111  107  107  104   98   91   86   82
   79   75   71   70   70   70   68   65   62   59   57   57   62   74   95  118
  139  156  169  180  189  193  194  199  215
    17.5-180.0 180.0   5.0 450.0                            LAT/LON1/LON2/DLON/H
  235  262  295  322  335  333  318  298  277  256  237  222  210  199  189  179
  167  154  143  135  127  121  116  117  127  147  172  196  214  228  240  247
  242  223  196  170  150  135  124  113  106  105  106  105  100   94   88   85
   82   78   75   74   74   74   71   65   60   57   55   56   63   78  100  124
  146  165  182  198  210  217  218  221  235
    15.0-180.0 180.0   5.0 450.0                            LAT/LON1/LON2/DLON/H
  256  281  315  346  364  366  356  337  315  292  271  250  231  213  196  182
  169  157  147  138  133  132  134  143  159  182  206  224  234  241  245  246
  236  212  182  153  134  122  113  105  100  100  103  104  101   96   91   88
   85   82   79   77   77   76   72   65   59   55   54   57   66   83  105  129
  152  172  192  211  228  237  240  243  256
    12.5-180.0 180.0   5.0 450.0                            LAT/LON1/LON2/DLON/H
  274  298  331  363  385  393  387  372  352  330  307  283  258  233  210  192
  179  168  158  151  149  153  163  177  197  218  235  245  245  242  239  235
  222  198  168  141  123  114  107  101   97   97  101  104  102   97   93   90
   89   86   83   81   80   77   72   66   60   56   56   60   70   88  111  134
  156  177  197  219  239  252  258  262  274
    10.0-180.0 180.0   5.0 450.0                            LAT/LON1/LON2/DLON/H
  288  311  342  375  400  412  412  401  384  364  342  317  289  259  231  212
  199  189  180  174  174  182  198  216  235  251  259  258  249  237  229  221
  209  188  161  139  125  117  111  104   98   97  101  104  103  100   96   94
   94   92   89   86   83   79   73   67   62   59   59   64   75   94  116  139
  160  179  200  223  245  261  269  275  288
     7.5-180.0 180.0   5.0 450.0                            LAT/LON1/LON2/DLON/H
  297  319  349  381  407  424  429  423  410  394  375  352  322  290  261  240
  228  220  212  206  207  218  236  254  269  277  277  266  249  232  220  213
  204  188  168  151  140  134  126  115  106  102  104  107  107  103  100  100
  101  100   98   93   88   82   77   72   67   64   64   69   81  100  122  144
  163  181  200  222  245  263  274  284  297
     5.0-180.0 180.0   5.0 450.0                            LAT/LON1/LON2/DLON/H
  303  325  354  384  411  431  440  440  431  419  404  383  356  325  296  276
  266  259  252  245  246  256  273  288  297  297  288  271  250  232  220  215
  211  202  189  178  169  161  150  134  120  113  112  113  112  109  107  108
  111  112  109  103   96   89   84   80   76   73   72   76   88  106  128  148
  166  182  199  219  241  260  274  287  303
     2.5-180.0 180.0   5.0 450.0                            LAT/LON1/LON2/DLON/H
  305  329  357  387  414  436  450  453  449  440  428  412  389  361  335  317
  308  303  295  287  285  292  305  315  317  310  295  276  255  239  230  228
  228  226  220  213  205  195  178  158  139  127  123  122  121  118  117  119
  124  126  124  116  107   99   94   91   87   83   81   84   94  112  132  152
  168  183  198  215  235  253  270  286  305
