gnss_tightly_coupled/example/dataset/codg3370.21i
     1.0            IONOSPHERE MAPS     GNSS                IONEX VERSION / TYPE
ADDNEQ2 V5.3        AIUB                07-DEC-21 20:51     PGM / RUN BY / DATE 
CODE'S GLOBAL IONOSPHERE MAPS FOR DAY 337, 2021             COMMENT             
Global ionosphere maps (GIM) are generated on a daily basis DESCRIPTION         
at CODE using data from about 300 GNSS sites of the IGS and DESCRIPTION         
other institutions. The vertical total electron content     DESCRIPTION         
(VTEC) is modeled in a solar-geomagnetic reference frame    DESCRIPTION         
using a spherical harmonics expansion up to degree and      DESCRIPTION         
order 15. Piece-wise linear functions are used for          DESCRIPTION         
representation in the time domain. The time spacing of      DESCRIPTION         
their vertices is 1 hour, conforming with the epochs of the DESCRIPTION         
VTEC maps.                                                  DESCRIPTION         
To convert line-of-sight TEC into vertical TEC, a modified  DESCRIPTION         
single-layer model mapping function approximating the JPL   DESCRIPTION         
extended slab model mapping function is adopted. The        DESCRIPTION         
mapping function is evaluated at geodetic satellite         DESCRIPTION         
elevation angles. For the computation of the ionospheric    DESCRIPTION         
pierce points, a spherical layer with a radius of 6821 km   DESCRIPTION         
is assumed, implying geocentric, not geodetic IONEX         DESCRIPTION         
latitudes.                                                  DESCRIPTION         
Instrumental biases with respect to each involved GNSS code DESCRIPTION         
observable are estimated as constant values for each        DESCRIPTION         
day. They are modeled with one set of bias parameters for   DESCRIPTION         
each satellite and each station in case of GPS and for each DESCRIPTION         
satellite-station link in case of GLONASS. The code bias    DESCRIPTION         
datum is defined by zero-mean conditions imposed on the     DESCRIPTION         
satellite bias estimates. In this file, just GPS C1W-C2W    DESCRIPTION         
satellite and station bias values are included. The         DESCRIPTION         
complete set of GNSS code bias results is provided in an    DESCRIPTION         
additional Bias-SINEX file as pseudo-absolute values        DESCRIPTION         
specific to each observable.                                DESCRIPTION         
Note: These GIM results correspond to the results for the   DESCRIPTION         
middle day of a 3-day combination analysis solving for 73   DESCRIPTION         
times 256, or 18688 VTEC parameters and 3 daily sets of     DESCRIPTION         
GNSS code bias parameters.                                  DESCRIPTION         
Contact address: code(at)aiub.unibe.ch                      DESCRIPTION         
Data archive:    ftp.aiub.unibe.ch/CODE/                    DESCRIPTION         
                 www.aiub.unibe.ch/download/CODE/           DESCRIPTION         
  2021    12     3     0     0     0                        EPOCH OF FIRST MAP  
  2021    12     4     0     0     0                        EPOCH OF LAST MAP   
  3600                                                      INTERVAL            
[...]
cas1 ccj2 cedu chpg chpi chti chur ckis coco cord cpvg cro1 COMMENT             
daej darw dav1 dgar dhlg drao dubo ebre faa1 fair flin flrs COMMENT             
frdn ftna func ganp glps glsv gode godz gol2 gold gope gras COMMENT             
graz guat guug harb hers hert hlfx hnlc hnpt hofn holb hyde COMMENT             
ieng iisc invk iqal irkj isba jog2 joz2 joze kerg kir0 kiru COMMENT             
kit3 kokb kokv koug kour krgg lama laut lhaz lmmf lpal lpgs COMMENT             
m0se mac1 madr mal2 mana mas1 mat1 mate maui maw1 mcil mcm4 COMMENT             
mdo1 mdvj medi mets mgue mizu mkea mobj mobs monp morp mqzg COMMENT             
mro1 mtka nano nico nist nklg nlib nnor not1 nrc1 ntus nya1 COMMENT             
nyal ohi2 ohi3 onsa ous2 pado park pdel penc pert pie1 pimo COMMENT             
pohn pol2 pots pove prds ptag ptbb ptvl qaq1 quin ramo reun COMMENT             
reyk rgdg rio2 riop salu samo sant savo sch2 scor scrz sctb COMMENT             
scub seyg sfer smst sofi spt0 ssia sthl stjo stk2 suth sutm COMMENT             
suwn sydn syog tabl tabv tash thtg thti thu2 tid1 tidb tixg COMMENT             
tlse tong tow2 tro1 tsea tskb tuva twtf uclu ufpr ulab unb3 COMMENT             
unbn unsa urum usn7 usud vaco vald vill voim wab1 wab2 wark COMMENT             
wes2 wgtn whit will wind wsrt wtza wtzl wtzr wtzs wtzz wuhn COMMENT             
xmis yakt yar2 yar3 yarr yell ykro yssk zamb zeck zim2 zim3 COMMENT             
zimm                                                        COMMENT             
                                                            END OF HEADER       
[from data line 2574]
     7                                                      START OF TEC MAP    
  2021    12     3     6     0     0                        EPOCH OF CURRENT MAP
    87.5-180.0 180.0   5.0 450.0                            LAT/LON1/LON2/DLON/H
   16   16   17   17   18   19   19   20   21   21   22   22   23   24   24   25
   25   26   26   27   27   28   28   29   29   29   30   30   30   30   30   31
   31   31   30   30   30   30   29   29   29   28   28   27   26   26   25   24
   23   23   22   21   20   19   19   18   17   17   16   16   15   15   15   14
   14   14   14   14   15   15   15   15   16
    85.0-180.0 180.0   5.0 450.0                            LAT/LON1/LON2/DLON/H
    8    9   10   11   13   14   15   16   17   18   19   20   21   22   23   23
   24   25   25   26   27   27   28   29   29   30   31   31   32   32   33   33
   33   33   34   33   33   33   32   32   31   30   29   28   27   26   24   23
   22   20   19   17   16   15   13   12   11    9    8    7    6    6    5    4
    4    4    4    4    5    5    6    7    8
    82.5-180.0 180.0   5.0 450.0                            LAT/LON1/LON2/DLON/H
    2    4    5    7    9   11   12   14   15   16   17   18   18   19   19   19
   20   20   21   21   22   23   24   24   25   26   27   28   29   30   31   32
   32   33   33   33   33   33   32   31   30   29   28   27   26   24   23   21
   20   18   16   15   13   11   10    8    6    5    3    2    0    0    0    0
    0    0    0    0    0    0    0    1    2
    80.0-180.0 180.0   5.0 450.0                            LAT/LON1/LON2/DLON/H
    0    1    3    5    7    9   11   13   14   14   15   15   15   15   15   14
   14   14   14   15   15   16   17   18   20   21   22   23   24   26   27   28
   29   29   30   30   30   29   29   28   27   26   25   24   22   21   20   19
   18   17   16   15   13   12   11    9    7    5    3    2    0    0    0    0
    0    0    0    0    0    0    0    0    0
    77.5-180.0 180.0   5.0 450.0                            LAT/LON1/LON2/DLON/H
    0    2    4    6    8   10   12   13   14   14   14   13   12   11   10    9
    9    8    8    9    9   10   12   13   14   16   17   18   20   21   22   23
   24   24   25   25   25   24   24   23   22   21   20   19   18   18   18   18
   18   18   18   18   18   17   17   15   14   12   10    8    6    4    2    0
    0    0    0    0    0    0    0    0    0
    75.0-180.0 180.0   5.0 450.0                            LAT/LON1/LON2/DLON/H
    4    5    6    8   10   12   13   14   15   14   14   12   10    8    7    5
    4    4    4    5    6    8    9   11   12   14   15   16   16   17   18   19
   19   20   20   20   19   18   17   16   15   14   14   14   14   15   16   18
   20   22   23   25   26   27   27   27   26   24   23   20   18   15   13   10
    8    6    4    3    2    2    2    3    4
    72.5-180.0 180.0   5.0 450.0                            LAT/LON1/LON2/DLON/H
    8    9    9   11   12   13   14   15   15   15   13   12    9    7    4    3
    2    2    2    4    6    8   11   13   14   15   16   16   16   16   16   16
   16   16   16   15   14   13   12   10    9    9    9   10   11   14   17   20
   24   28   32   35   38   40   41   41   41   39   37   35   32   29   26   23
   20   17   14   12   11    9    8    8    8
    70.0-180.0 180.0   5.0 450.0                            LAT/LON1/LON2/DLON/H
   12   12   11   12   12   13   14   15   15   15   13   12    9    6    4    2
    2    2    4    6    9   13   15   17   19   19   19   18   17   16   15   15
   15   14   13   12   11    9    7    6    5    5    6    8   11   15   19   25
   30   36   41   46   50   52   54   55   55   53   51   49   46   42   39   35
   31   28   24   21   19   16   15   13   12
    67.5-180.0 180.0   5.0 450.0                            LAT/LON1/LON2/DLON/H
   14   13   12   11   11   11   12   13   13   14   13   12   10    7    5    4
    4    5    7   11   14   18   21   23   24   24   23   21   19   17   16   15
   14   13   12   11    9    7    5    3    2    3    5    8   13   19   25   32
   38   45   51   56   60   63   65   66   66   64   62   59   56   52   48   44
   39   35   31   28   24   21   19   16   14
    65.0-180.0 180.0   5.0 450.0                            LAT/LON1/LON2/DLON/H
   15   13   10    9    8    8    8   10   11   12   12   12   10    9    7    6
    7    8   11   15   19   22   25   27   27   26   25   22   20   18   16   15
   14   13   12   10    8    6    3    2    2    4    7   12   18   25   32   40
   47   54   59   64   68   71   72   73   72   70   68   65   62   58   53   49
   44   39   35   31   27   24   20   18   15
    62.5-180.0 180.0   5.0 450.0                            LAT/LON1/LON2/DLON/H
   15   12    9    7    5    4    5    6    8   10   11   11   11   10    9    9
   10   12   14   17   21   23   25   26   26   26   24   22   20   18   16   15
   14   14   12   11    8    6    4    3    4    7   12   19   26   34   41   49
   55   61   66   70   73   75   75   75   74   72   70   68   64   60   56   51
   46   41   36   31   28   24   21   18   15
    60.0-180.0 180.0   5.0 450.0                            LAT/LON1/LON2/DLON/H
   15   12    9    6    4    3    3    4    5    8   10   11   12   11   11   12
   12   14   15   17   19   21   22   22   22   22   21   20   18   17   16   15
   14   14   13   12    9    7    6    6    8   12   19   27   35   44   51   57
   63   67   71   74   75   76   76   75   74   73   71   69   66   62   58   53
   47   42   37   32   28   25   22   18   15
    57.5-180.0 180.0   5.0 450.0                            LAT/LON1/LON2/DLON/H
   18   15   12    9    6    4    3    4    5    7    9   11   12   12   13   13
   14   14   15   15   15   15   15   15   16   16   17   17   17   16   16   15
   15   15   14   13   12   10    9   10   13   19   27   36   45   53   60   66
   70   73   75   77   77   77   76   76   75   74   73   71   69   66   62   56
   51   45   40   36   32   28   25   22   18
    55.0-180.0 180.0   5.0 450.0                            LAT/LON1/LON2/DLON/H
   25   22   19   16   13   10    8    8    8    9   11   12   12   13   13   14
   14   14   14   12   11    9    8    8   10   12   15   16   17   17   17   16
   16   16   16   16   15   14   14   16   20   27   36   46   55   62   69   73
   77   79   80   81   81   80   79   79   78   78   78   77   76   73   69   64
   58   52   47   43   39   36   32   28   25
    52.5-180.0 180.0   5.0 450.0                            LAT/LON1/LON2/DLON/H
   35   32   29   27   24   20   18   15   14   14   14   14   13   13   14   15
   15   15   13   11    8    6    4    5    8   12   16   19   21   21   20   19
   19   19   19   19   19   19   20   23   28   36   45   55   63   70   76   80
   83   86   87   88   88   87   86   86   86   87   87   87   86   84   79   74
   68   63   58   54   51   47   43   39   35
    50.0-180.0 180.0   5.0 450.0                            LAT/LON1/LON2/DLON/H
   46   43   41   39   37   33   30   26   24   22   20   18   17   16   16   17
   17   17   15   12   10    7    7    8   12   17   22   26   28   27   25   23
   22   22   23   24   25   26   28   31   37   45   54   63   70   77   82   87
   91   95   97   98   98   98   97   98   98   99  100  100   98   96   91   85
   79   74   70   67   64   60   56   51   46
    47.5-180.0 180.0   5.0 450.0                            LAT/LON1/LON2/DLON/H
   56   53   52   51   49   47   43   39   36   33   29   26   22   20   20   21
   22   22   21   19   17   15   16   18   22   27   32   36   37   35   32   28
   27   27   28   30   32   33   36   41   47   54   62   69   76   82   88   94
  100  105  109  111  112  111  111  112  112  113  113  112  110  106  101   95
   89   84   80   78   76   72   67   61   56
    45.0-180.0 180.0   5.0 450.0                            LAT/LON1/LON2/DLON/H
   62   59   59   60   59   57   54   51   48   45   41   36   31   28   28   29
   30   30   30   30   30   30   31   33   36   41   45   48   47   43   38   34
   31   31   33   36   38   41   45   50   56   63   70   76   81   87   94  101
  109  116  122  125  126  126  126  126  126  126  124  121  118  113  108  101
   94   89   85   84   82   79   74   68   62
    42.5-180.0 180.0   5.0 450.0                            LAT/LON1/LON2/DLON/H
   63   60   61   63   65   64   62   60   59   57   53   48   43   40   39   40
   41   42   43   45   46   48   50   51   53   56   58   58   55   50   44   38
   36   36   38   41   44   49   54   60   66   72   77   82   87   92   99  108
  118  127  133  137  138  138  138  138  137  135  132  127  122  116  110  103
   95   89   85   83   82   80   75   69   63
    40.0-180.0 180.0   5.0 450.0                            LAT/LON1/LON2/DLON/H
   59   56   58   61   64   65   65   65   66   67   65   62   57   54   53   54
   55   56   58   61   65   68   69   69   69   68   68   66   61   55   47   42
   40   40   42   45   49   54   61   68   76   81   86   89   93   99  106  115
  126  135  142  145  146  146  146  146  145  142  136  130  123  117  111  103
   95   87   81   78   77   75   71   64   59
    37.5-180.0 180.0   5.0 450.0                            LAT/LON1/LON2/DLON/H
   51   49   51   55   59   61   63   66   70   74   76   75   72   69   68   69
   69   70   72   76   81   85   86   84   80   77   74   70   64   57   50   45
   43   44   46   48   52   59   67   76   85   91   95   98  102  107  114  122
  132  141  147  149  149  149  150  151  150  146  140  132  125  119  114  107
   97   87   77   72   69   67   63   57   51
    35.0-180.0 180.0   5.0 450.0                            LAT/LON1/LON2/DLON/H
   44   41   42   46   51   54   57   62   70   78   83   85   84   83   83   83
   82   83   84   89   94   98   97   93   87   81   77   71   65   57   50   46
   46   46   48   50   54   61   72   84   94  102  106  109  112  117  123  130
  137  144  148  149  149  149  151  154  154  152  145  138  131  127  124  118
  108   95   81   71   65   61   56   50   44
    32.5-180.0 180.0   5.0 450.0                            LAT/LON1/LON2/DLON/H
   40   35   35   38   43   46   50   56   66   77   86   91   93   93   93   93
   92   91   92   96  102  105  103   97   89   82   76   71   64   57   51   48
   47   48   49   50   54   63   76   91  104  113  119  122  126  130  134  138
  142  146  148  149  148  149  153  158  161  161  157  150  146  144  144  141
  132  116   98   82   70   63   56   48   40
    30.0-180.0 180.0   5.0 450.0                            LAT/LON1/LON2/DLON/H
   43   35   32   33   37   40   44   50   61   73   85   92   96   98   99   98
   97   95   95   99  104  106  103   96   87   80   74   69   63   56   51   48
   49   49   49   49   54   64   80   99  114  126  133  138  142  145  147  148
  148  149  150  150  150  152  158  166  174  177  176  172  171  173  176  177
  169  152  129  106   89   76   66   54   43
    27.5-180.0 180.0   5.0 450.0                            LAT/LON1/LON2/DLON/H
   55   41   34   33   35   37   40   45   55   67   79   88   93   95   97   97
   95   93   92   96  101  103  100   93   84   78   73   68   62   56   51   49
   49   49   48   48   53   66   85  106  125  139  148  154  159  163  163  161
  158  157  156  157  158  162  170  182  193  200  203  203  204  209  217  221
  217  200  174  145  121  102   86   71   55
    25.0-180.0 180.0   5.0 450.0                            LAT/LON1/LON2/DLON/H
   74   55   43   38   38   40   41   43   50   61   72   80   85   88   90   90
   89   86   86   89   94   97   95   89   82   76   73   69   63   56   50   48
   48   48   47   47   53   68   90  114  136  151  162  171  178  181  181  177
  172  170  170  172  174  180  190  204  219  230  236  239  242  250  261  269
  268  253  226  194  163  138  117   95   74
    22.5-180.0 180.0   5.0 450.0                            LAT/LON1/LON2/DLON/H
   98   73   56   48   46   46   45   45   49   56   64   70   74   76   78   79
   79   77   77   81   86   91   90   86   81   77   74   70   63   56   50   47
   46   46   45   46   54   71   95  122  146  163  176  187  196  201  200  196
  192  190  192  195  199  206  217  232  248  262  271  276  281  289  301  313
  316  304  278  244  210  180  153  126   98
    20.0-180.0 180.0   5.0 450.0                            LAT/LON1/LON2/DLON/H
  125   95   72   61   58   56   54   51   50   53   57   61   63   64   66   67
   68   67   68   72   79   85   87   85   82   79   76   71   64   56   49   45
   44   44   43   46   55   74  101  129  154  173  188  201  213  220  221  218
  215  216  220  226  231  238  248  263  279  293  303  309  313  321  333  345
  351  344  321  288  253  221  190  159  125
    17.5-180.0 180.0   5.0 450.0                            LAT/LON1/LON2/DLON/H
  153  118   92   77   71   69   65   59   55   53   54   55   55   55   56   57
   58   59   61   66   73   81   85   86   84   81   78   72   64   55   48   44
   42   42   42   46   58   78  106  135  161  181  198  213  227  237  240  240
  241  245  252  260  266  272  280  292  306  320  329  335  338  343  352  363
  371  367  349  320  287  255  223  190  153
    15.0-180.0 180.0   5.0 450.0                            LAT/LON1/LON2/DLON/H
  179  142  113   95   87   83   78   69   62   57   56   54   52   50   50   51
   53   55   57   62   70   79   85   88   86   83   79   73   65   56   48   44
   42   41   43   48   61   82  110  139  165  186  205  222  239  251  258  262
  267  274  284  293  299  303  309  317  328  338  347  351  353  354  359  368
  375  374  361  338  309  280  250  217  179
    12.5-180.0 180.0   5.0 450.0                            LAT/LON1/LON2/DLON/H
  205  168  136  115  105   98   91   81   71   64   61   58   55   51   49   51
   53   55   58   63   71   80   88   91   89   86   81   74   67   58   51   46
   43   43   45   51   64   86  113  141  167  189  209  229  247  262  273  281
  289  300  312  320  326  328  331  336  342  349  355  359  360  359  360  363
  368  369  360  342  319  295  270  240  205
    10.0-180.0 180.0   5.0 450.0                            LAT/LON1/LON2/DLON/H
  230  195  163  139  124  115  105   93   82   74   70   67   63   58   55   55
   58   61   63   67   74   83   91   94   93   89   83   77   71   64   57   51
   48   46   48   55   68   88  114  141  167  190  212  233  253  270  284  295
  307  320  331  339  343  344  345  346  348  351  356  360  362  361  358  358
  359  358  352  340  323  305  286  261  230
     7.5-180.0 180.0   5.0 450.0                            LAT/LON1/LON2/DLON/H
  256  225  192  166  147  133  120  107   94   86   81   78   74   69   65   64
   67   69   71   74   80   89   96   99   97   93   88   83   78   72   65   58
   53   51   52   59   71   91  115  141  166  190  213  235  257  276  291  305
  318  331  341  348  350  351  350  348  347  348  352  358  363  363  360  356
  354  351  347  338  326  314  300  282  256
     5.0-180.0 180.0   5.0 450.0                            LAT/LON1/LON2/DLON/H
  284  256  225  195  171  153  137  122  108   99   94   91   87   81   76   75
   77   80   81   83   88   96  102  105  103   98   94   91   87   81   74   66
   60   56   56   62   75   93  116  141  165  190  213  237  259  278  295  310
  323  335  343  347  348  349  348  345  341  340  344  354  363  369  368  363
  358  354  349  342  334  326  317  304  284
     2.5-180.0 180.0   5.0 450.0                            LAT/LON1/LON2/DLON/H
  311  287  257  226  198  175  156  139  124  114  108  104  100   94   89   87
   88   90   92   93   97  104  110  112  110  106  102  100   96   91   82   73
   65   60   60   65   77   95  117  140  165  189  213  237  259  279  296  311
  323  332  336  338  339  340  339  336  331  329  335  348  365  376  380  378
  372  367  362  356  350  344  337  327  311
